591
815
944
771
752
558
667
541
673
666
962
921
949
656
959
935
660
975
620
738
607
907
708
957
1008
668
912
798
610
780
787
970
655
641
1023
686
1013
916
717
776
1023
978
756
661
1023
671
948
715
1023
814
866
987
1023
794
1023
980
1023
1023
774
821
993
1023
845
1023
778
1006
754
1023
1023
911
1023
920
1023
1023
1023
1023
1023
1023
940
797
1023
976
1023
1023
797
1023
1023
951
1023
1023
820
857
969
1023
1023
1023
1023
1023
923
913
1023
833
1013
921
1023
1023
1023
1023
984
1023
1023
1004
1012
919
1023
906
1023
1023
1023
1023
976
1023
1023
1023
1023
1023
1023
1023
1023
1023
1023
1023
1023
1023
897
1023
1023
1023
1023
1023
1023
1023
982
1023
1023
995
1023
1023
1023
1023
1023
1023
1023
1023
1023
939
1023
1023
1023
1023
1023
1023
1023
945
970
1023
1023
1023
977
1023
1023
967
1023
976
1005
1023
1023
1023
1023
1022
1023
1023
1023
987
1023
1023
1023
1023
1023
1023
1023
1023
1014
1023
1023
1023
1023
1023
1023
1023
1023
1023
1023
1023
1023
1023
1003
1023
1023
1023
1023
1023
1023
1023
1023
1023
1023
1023
1023
1023
1023
1023
1023
1023
1023
1023
1023
1023
1023
1023
1023
1023
1023
1023
1023
1023
1023
1023
1023
1023
1023
1023
1023
1023
1023
1023
1023
1023
1023
1023
1023
1023
1023
1023
1023
1023
1023
1023
1023
1023
1023
1023
1023
1023
1023
1023
1023
1023
1023
1023
1023
1023
1023
1023
1023
1023
1023
1023
1023
1023
1023
1023
1023
1023
1023
1023
1023
1023
1023
1023
1023
1023
1023
1023
1023
1023
1023
1023
1023
1023
1023
1023
1023
1023
1023
1023
1023
1023
1023
1023
1023
1023
1023
1023
1023
1023
1018
1023
1023
1023
1023
1023
1023
1023
1023
1023
1023
1023
1023
1023
1023
1023
1023
1023
1023
1023
1011
1023
1023
1023
1023
1023
1023
1023
1023
1023
1023
1023
1023
1023
1023
1023
1023
1023
1023
1023
1023
1023
1023
1023
1023
1023
1023
1023
1023
1023
1023
1023
1023
1023
1023
1023
1023
990
904
1023
1023
1023
1023
1023
1023
1023
1023
1021
1023
1023
1023
1023
901
902
1023
1023
964
1023
1023
1023
1023
1023
1023
1023
839
963
1023
1023
1023
950
1023
963
1023
869
1023
1023
921
897
1023
1023
1023
1023
1023
1023
1023
1023
969
995
842
961
1023
1021
913
1023
1023
1023
1023
791
1023
811
1023
1023
950
922
1023
1023
1023
769
941
817
768
1023
1023
898
1023
1023
835
1023
1023
1023
1001
749
871
1023
918
921
982
781
860
1023
800
912
1023
902
956
975
736
957
1023
663
641
868
1023
833
715
968
1023
713
875
706
1013
876
586
926
1023
893
574
1023
770
1002
599
752
768
843
940
1023
571
641
1023
653
654
678
931
550
848
906
816
981
918
953
919
846
560
563
714
708
529
759
892
773
664
472
595
965
535
892
848
869
606
780
729
474
521
796
719
568
928
919
412
677
646
687
884
635
896
635
490
640
384
887
665
378
601
846
437
641
690
513
680
626
466
760
810
765
660
756
332
367
827
497
466
332
620
443
767
544
489
299
752
727
334
620
614
413
706
723
501
434
269
460
297
482
336
341
610
495
288
336
430
598
447
506
662
557
669
259
461
702
636
478
478
356
510
567
316
555
386
658
423
535
300
637
189
402
178
665
662
623
380
238
310
260
317
458
214
388
332
475
191
627
197
558
428
274
234
194
520
139
491
146
342
427
559
155
349
544
588
481
400
133
162
152
413
567
473
448
139
388
589
231
584
255
268
321
104
285
413
516
510
158
528
559
358
251
549
178
370
405
242
138
238
327
71
61
194
63
336
57
256
199
468
513
312
378
165
287
466
254
440
92
256
242
237
134
111
129
33
131
284
288
57
88
151
400
143
471
335
423
29
78
239
272
400
241
440
482
478
171
230
334
25
85
65
296
241
50
507
428
87
192
508
224
338
310
151
30
118
0
193
356
162
427
364
444
100
22
209
429
72
51
317
33
300
165
387
410
116
266
129
437
457
154
208
128
208
396
460
164
403
18
402
404
138
234
56
365
161
439
398
390
503
51
434
87
207
22
193
369
459
184
185
133
339
310
270
285
56
78
137
206
352
191
305
489
368
325
543
389
146
240
456
318
302
382
229
410
552
519
555
150
154
320
381
524
524
295
495
218
193
474
408
317
489
527
284
270
218
285
545
213
230
353
282
398
511
609
395
332
385
464
282
297
469
441
584
544
514
604
169
320
639
210
243
404
159
287
268
445
321
531
524
361
209
164
528
164
583
531
268
611
514
683
300
430
523
262
281
451
498
608
385
349
563
307
360
214
291
230
681
598
441
388
577
681
466
295
367
519
354
461
390
436
320
530
448
293
329
606
422
648
547
777
453
696
652
487
344
333
525
814
465
601
387
772
644
470
773
747
740
735
799
453
530
714
846
805
769
583
683
641
633
740
744
784
809
458
812
509
731
563
797
604
883
917
411
687
851
631
782
449
824
839
700
642
844
620
781
700
859
558
764
892
904
488
979
773
986
971
809
907
946
792
854
828
777
727
715
926
