  664
 2076
 3309
 3329
 2900
 3285
 3488
 3569
 3866
 3233
 3114
 3170
 3019
 3175
 3132
 3413
 3608
 3666
 3575
 3762
 3443
 2922
 3236
 3464
 3038
 3374
 3604
 3452
 3779
 3914
 3636
 3251
 3690
 3616
 3616
 3843
 3682
 3697
 3729
 3729
 3858
 3937
 3812
 3837
 3801
 3931
 3883
 3833
 3795
 3759
 3976
 4062
 4078
 3891
 3829
 3843
 3919
 3975
 3962
 3868
 3834
 3892
 3883
 3970
 4026
 3993
 3853
 3952
 4092
 4092
 3949
 3949
 4071
 4071
 4072
 4072
 4019
 4019
 4092
 4092
 4092
 4060
 4034
 4066
 4092
 4092
 4092
 4092
 4092
 4061
 4061
 4092
 4092
 4092
 4092
 4092
 4092
 4092
 4092
 4092
 4092
 4092
 4092
 4092
 4092
 4092
 4092
 4092
 4092
 4092
 4092
 4092
 4092
 4092
 4092
 4092
 4092
 4092
 4092
 4092
 4092
 4092
 4092
 4092
 4092
 4092
 4092
 4092
 4092
 4092
 4092
 4092
 4092
 4092
 4092
 4092
 4092
 4092
 4092
 4092
 4092
 4092
 4092
 4092
 4092
 4092
 4092
 4092
 4092
 4092
 4092
 4084
 4084
 4092
 4092
 4092
 4092
 4092
 4092
 4092
 4092
 4092
 4092
 4092
 4092
 4092
 4092
 4092
 4092
 4092
 4092
 4031
 4031
 4062
 4062
 4092
 4092
 4092
 4092
 4092
 4063
 3991
 4020
 4067
 4067
 4092
 4092
 4092
 3962
 3914
 4044
 4046
 4045
 3974
 3975
 4092
 4092
 3987
 3987
 3778
 3778
 4017
 3908
 3708
 3661
 3867
 4023
 3906
 3780
 3789
 3915
 4066
 3772
 3652
 3804
 3694
 3669
 3643
 3445
 3459
 3479
 3477
 3819
 3688
 3691
 3917
 3716
 3891
 3711
 3224
 3273
 3563
 3839
 3684
 3483
 3784
 3754
 3512
 3623
 3687
 3559
 3330
 2898
 3325
 3443
 3162
 3169
 3133
 3064
 3052
 3378
 3273
 2961
 3159
 3568
 3215
 3254
 3491
 3397
 3404
 2902
 2784
 3377
 3181
 2985
 2865
 2423
 2330
 2290
 2304
 2169
 2482
 2690
 2558
 2561
 2206
 2211
 2705
 2855
 2388
 2295
 2539
 2539
 2653
 2262
 2130
 2094
 2182
 2031
 1777
 2060
 2072
 2317
 2669
 2686
 2247
 1934
 1994
 2275
 2279
 1662
 1918
 2107
 1480
 2026
 2340
 1831
 1672
 1503
 1294
 1726
 1769
 1892
 2033
 1499
 1731
 1883
 1291
  932
 1378
 1802
 1795
 1660
 1583
 1688
 1529
 1447
 1478
 1692
 1633
 1544
 1622
 1521
 1457
 1412
 1843
 2183
 1957
 1548
 1321
 1151
 1364
 1549
 1173
  797
 1239
 1660
 1378
 1458
 1419
 1304
 1307
 1055
  911
  554
  812
 1042
 1149
 1793
 1513
  723
  661
 1249
 1533
 1164
  914
  887
 1015
  929
  619
  676
  744
  920
 1086
 1098
  930
 1265
 1428
 1210
 1515
 1356
  836
  895
 1279
 1408
  989
  633
  827
  775
  823
  712
 1025
 1448
 1178
 1144
 1334
 1653
 1295
  837
  847
  634
  528
  559
  851
 1097
  742
  897
 1012
 1307
 1950
 1800
 1350
 1399
 1356
  987
  858
  757
 1108
 1514
 1201
 1232
 1071
 1258
 1761
 1579
 1287
 1459
 1606
 1351
 1519
 1583
 1596
 1167
  738
 1524
 1807
 1460
 1556
 1203
 1471
 1691
 1545
 1503
 1481
 1530
 1558
 1833
 1841
 1869
 2050
 1606
 1361
 1795
 2086
 1938
 1494
 1745
 2067
 2187
 2123
 1565
 1712
 2144
 1744
 1572
 1881
 2017
 2270
 2284
 2054
 1858
 1606
 2219
 2567
 2110
 2010
 2156
 2183
 2014
 2168
 2336
 2132
 2233
 2397
 2491
 2745
 2438
 2144
 2292
 2327
 2342
 2499
 2894
 2957
 2633
 2526
 2918
 2576
 2559
 2665
 2201
 2715
 2865
 3083
 3375
 3092
 2718
 3137
 3286
 2781
 2473
 2699
 3458
 3696
 3696
 3696
 3696
 3696
 3696
 3696
 3696
 3696
 3696
 3696
 3696
 3696
 3696
 3696
 3696
 3696
 3696
 3696
 3696
 3696
 3696
 3696
 3696
 3696
 3696
 3696
 3696
 3696
 3696
 3696
 3696
 3696
 3696
 3696
 3696
 3696
 3696
 3696
 3696
 3696
 3696
 3696
 3696
 3696
 3696
 3696
 3696
 3696
 3696
 3696
 3696
 3696
 3696
 3696
 3696
 3696
 3696
 3696
 3696
 3696
 3696
 3696
 3696
 3696
 3696
 3696
 3696
 3696
 3696
 3696
 3696
 3696
 3696
 3696
 3696
 3696
 3696
 3696
 3696
 3696
 3696
 3696
 3696
 3696
 3696
 3696
 3696
 3696
 3696
 3696
 3696
 3696
 3696
 3696
 3696
 3696
 3696
 3696
 3696
 3696
 3696
 3696
 3696
 3696
 3696
 3696
 3696
 3696
 3696
 3696
 3696
 3696
 3696
 3696
 3696
 3696
 3696
 3696
 3696
 3696
 3696
 3696
 3696
 3696
 3696
 3696
 3696
 3696
 3696
 3696
 3696
 3696
 3696
 3696
 3696
 3696
 3696
 3696
 3696
 3696
 3696
 3696
 3696
 3696
 3696
 3696
 3696
 3696
 3696
 3696
 3696
 3696
 3696
 3696
 3696
 3696
 3696
 3696
 3696
 3696
 3696
 3696
 3696
 3696
 3696
 3696
 3696
 3696
 3696
 3696
 3696
 3696
 3696
 3696
 3696
 3696
 3696
 3696
 3696
 3696
 3696
 3696
 3696
 3696
 3696
 3696
 3696
 3696
 3696
 3696
 3696
 3696
 3696
 3696
 3696
 3696
 3696
 3696
 3696
 3696
 3696
 3696
 3696
 3696
 3696
 3696
 3696
 3696
 3696
 3696
 3696
 3696
 3696
 3696
 3696
 3696
 3696
 3696
 3696
 3696
 3696
 3696
 3696
 3696
 3696
 3696
 3696
 3696
 3696
 3696
 3696
 3696
 3696
 3696
 3696
 3696
 3696
 3696
 3696
 3696
 3696
 3696
 3696
 3696
 3696
 3696
 3696
 3696
 3696
 3696
 3696
 3696
 3696
 3696
 3696
 3696
 3696
 3696
 3696
 3696
 3696
 3696
 3696
 3696
 3696
 3696
 3696
 3696
 3696
 3696
 3696
 3696
 3696
 3696
 3696
 3696
 3696
 3696
 3696
 3696
 3696
 3696
 3696
 3696
 3696
 3696
 3696
 3696
 3696
 3696
 3696
 3696
 3696
 3696
 3696
 3696
 3696
 3696
 3696
 3696
 3696
 3696
 3696
 3696
 3696
 3696
 3696
 3696
 3696
 3696
 3696
 3696
 3696
 3696
 3696
 3696
 3696
 3696
 3696
 3696
 3696
 3696
 3696
 3696
 3696
 3696
 3696
 3696
 3696
 3696
 3696
 3696
 3696
 3696
 3696
 3696
 3696
 3696
 3696
 3696
 3696
 3696
 3696
 3696
 3696
 3696
 3696
 3696
 3696
 3696
 3696
 3696
 3696
 3696
 3696
 3696
 3696
 3696
 3696
 3696
 3696
 3696
 3696
 3696
 3696
 3696
 3696
 3696
 3696
 3696
 3696
 3696
 3696
 3696
 3696
 3696
 3696
 3696
 3696
 3696
 3696
 3696
 3696
 3696
 3696
 3696
 3696
 3696
 3696
 3696
 3696
 3696
 3696
 3696
 3696
 3696
 3696
 3696
 3696
 3696
 3696
 3696
 3696
 3696
 3696
 3696
 3696
 3696
 3696
 3696
 3696
 3696
 3696
 3696
 3696
 3696
 3696
 3696
 3696
 3696
 3696
 3696
 3696
 3696
 3696
 3696
 3696
 3696
 3696
 3696
 3696
 3696
 3696
 3696
 3696
 3696
 3696
 3696
 3696
 3696
 3696
 3696
 3696
 3696
 3696
 3696
 3696
 3696
 3696
 3696
 3696
 3696
 3696
 3696
 3696
 3696
 3696
 3696
 3696
 3696
 3696
 3696
 3696
 3696
 3696
 3696
 3696
 3696
 3696
 3696
 3696
 3696
 3696
 3696
 3696
 3696
 3696
 3696
 3696
 3696
 3696
 3696
 3696
 3696
 3696
 3696
 3696
 3696
 3696
 3696
 3696
 3696
 3696
 3696
 3696
 3696
 3696
 3696
 3696
 3696
 3696
 3696
 3696
 3696
 3696
 3696
 3696
 3696
